photon_energy_eV    total_yield    yield_error
5.09999913 5.302672689020054e-05 5.953126310907266e-05
5.2000064 1.3469466688264447e-05 1.4760967633379526e-05
5.30001283 1.9325371262693943e-05 1.6646761182404887e-05
5.39998076 5.92380894775476e-06 1.127897321365977e-05
5.50001283 4.2098724938092e-05 2.553131723472015e-05
5.59999511 2.0478211937121603e-05 1.354839319407004e-05
5.70000046 4.2948682924195394e-05 2.1642787351447983e-05
5.80000087 5.054178563984295e-05 1.7458331631873182e-05
5.89998665 3.236753953271138e-05 1.3682898053659939e-05
6.00002763 5.377483199861937e-05 1.8124275951567296e-05
6.0999877 5.964940310895175e-05 1.85399568128264e-05
6.20000987 4.220407961505902e-05 1.8595877456529044e-05
6.29999544 7.693641893368395e-05 2.2780938217009615e-05
6.39999718 7.350291933112173e-05 2.10934028382106e-05
6.50000912 0.00010550519848579933 2.2826503403219593e-05
6.59999856 9.235025199575527e-05 2.205428685692632e-05
6.70000037 0.00012401133397646063 2.198428161000904e-05
6.7999758 8.317947509173873e-05 2.156744356042211e-05
6.89998709 0.0001086410415937036 2.0447396059642344e-05
7.000024 0.00016114088664671156 2.1971058024489676e-05
7.10000431 0.00015751418295759825 2.087497680136637e-05
7.19999617 0.00017309489658135635 2.0342299833372648e-05
7.29999579 0.0001839601787644769 2.0274354429760625e-05
7.40001911 0.00023076410412592612 2.242790984357022e-05
7.49998913 0.00025351422924987796 2.4950356295073167e-05
7.5999966 0.00030741134865583294 2.362430651948807e-05
7.69998836 0.00038168011316409243 2.7313938352119565e-05
7.80002553 0.000496006473589806 3.3408995333373856e-05
7.89999762 0.0006379051936360166 4.141282414174092e-05
8.00000234 0.0008408989279010592 5.38438030647457e-05
8.1000026 0.001083078126420141 6.935083802314164e-05
8.19998988 0.001437639457238511 9.205384053333717e-05
8.30000458 0.0018772252298308828 0.00012020106368250577
8.39996885 0.0024341531703563715 0.0001558618516273289
8.50004958 0.0030583903236391856 0.00019583253208824164
8.59998675 0.0038280221523060566 0.0002451130142486077
8.69999431 0.004744918174331707 0.00030382300566698977
8.80001327 0.005792386045713154 0.00037089367481873715
8.9000086 0.006985005076915375 0.0004472585530658834
8.99999866 0.008283406129800008 0.0005303967855822226
9.09996657 0.00973434017169104 0.0006233018948877114
9.20002188 0.011391157782453207 0.0007293899848924795
9.29999032 0.013143612105097471 0.0008416018123756541
9.40002475 0.015132132350345356 0.0009689292341653805
9.4999996 0.017282379780077014 0.001106612248503305
9.59998474 0.01981633805671216 0.0012688647450809659
9.70000524 0.02258646920305982 0.0014462396839214295
9.80002039 0.025620883237209735 0.0016405369844061464
9.89998878 0.028919208181388482 0.001851732828336149
10.0000154 0.03242708620647059 0.0020763466163797625
10.0999829 0.036204528930396364 0.0023182209669905976
10.1999796 0.04014477337659307 0.0025705197141391205
10.3000166 0.0440743529279653 0.002822135574822241
10.3999934 0.04779741266233544 0.0030605277150477983
10.4999928 0.05155700088009742 0.0033012588194469847
10.5999963 0.05520533356186794 0.0035348660936556178
10.7000236 0.05898415486203339 0.003776828716215786
10.8000025 0.0628426016387181 0.004023889856962132
10.9000129 0.066873026968169 0.004281962998103836
10.9999941 0.07134014084615249 0.004567997849538723
11.0999938 0.0760992919753423 0.004872732208987935
11.2000138 0.08106669541378543 0.005190801222525959
11.2999014 0.08618840051013531 0.0055187503629201716
11.4000891 0.09164046104399896 0.0058678525724035055
11.4999617 0.09722947553809506 0.006225724114108608
11.6000601 0.10258727160436895 0.006568790452620415
11.6999809 0.10776537126194297 0.0069003506068329645
11.8000223 0.1122189226259046 0.007185517033645314
12.0000177 0.09428432974135437 0.006037142769769769
12.0999887 0.10223748211132705 0.006546392996811456
12.1999852 0.1097200331767577 0.007025510037660336
12.3000162 0.1171691275830879 0.007502484807061319
12.4000047 0.1268668179255428 0.008123439967850234
12.4999978 0.13414826371106867 0.008589679987778773
12.5999948 0.13762011765487678 0.008811987109143018
12.6999966 0.13911190249375743 0.008907507945731733
12.8000185 0.14367728280610775 0.009199834919042825
12.8999557 0.14662588856176137 0.00938863780884942
12.9999741 0.15363483833441388 0.009837429570531629
13.1000129 0.15894824354468678 0.010177653507383633
13.1999658 0.16569068496350692 0.010609380408066816
13.300068 0.17421205821367639 0.011155014524010536
13.4000419 0.1815062513750253 0.011622070774250039
13.499996 0.18708147600761688 0.011979059333990837
13.5999864 0.19213378971140457 0.012302565257309208
13.6999966 0.1963940120561586 0.012575352586834685
13.7999634 0.19866119450566963 0.012720523095766148
13.9000103 0.2018881593902851 0.012927149666426406
13.9999808 0.20661320354793317 0.013229700114114177
14.1000188 0.20887797955777448 0.013374716535723889
14.1999642 0.2111867899972638 0.013522552536571213
14.3000165 0.21263901328514223 0.013615540197898998
14.4000144 0.21406111639152905 0.013706599226585337
14.4999088 0.21675073154977473 0.013878818626676634
14.6001014 0.21887118813762024 0.014014594096397213
14.7000106 0.221057218997619 0.014154568368231554
14.79999 0.2236157919542647 0.014318396973350937
14.8999779 0.22629141781139295 0.014489720621111736
15.0000206 0.2291806701535018 0.014674723038109905
15.1000184 0.23076920789174613 0.014776439083048197
15.1999989 0.23242391712108132 0.014882392170770796
15.3000115 0.2343046526447064 0.015002818002926044
15.3999923 0.23493851189165418 0.015043404797998566
15.5000122 0.23468246846525978 0.015027010019304753
15.6000472 0.23374071716939993 0.014966708513823212
15.6999314 0.23308972667722266 0.014925024783835224
15.8000218 0.23191677707835745 0.014849919363777416
15.8999711 0.23034244506101487 0.014749112928797286
16.0000633 0.22852951473185762 0.014633028747483248
16.1000045 0.22728207834652742 0.014553153845947613
16.2000224 0.22554959259132937 0.014442220630646456
16.2999882 0.22365449447395128 0.014320875143769484
16.3999864 0.22082008383473517 0.014139384309141462
16.5000178 0.17627727594309864 0.011287252980998934
16.5999935 0.17999029345253545 0.01152500210508581
16.7000257 0.18296189913866062 0.01171527770901502
16.7999562 0.1837057558790803 0.011762907780252612
16.8999696 0.18371685866929852 0.011763618705704105
17.0000945 0.1841331843218616 0.011790276554470023
17.0999553 0.18464443787200135 0.011823012754453759
17.1999325 0.1827896301795393 0.011704247113539951
17.3000829 0.18183976768412025 0.011643426237873488
17.3998477 0.17952230245015258 0.011495036059783224
17.5000942 0.17577279940863855 0.01125495072174876
17.5999583 0.17328289509974623 0.011095519055457187
17.7000983 0.16985956685405482 0.010876319094830438
17.8000121 0.16696810332738232 0.01069117509293754
17.8999868 0.16286314632304932 0.010428329596056897
18.0000054 0.159321275080362 0.010201539180057723
18.0999968 0.1554699623962738 0.009954934844123544
18.1999684 0.15174336051396353 0.009716315895764707
18.300038 0.1478868630302037 0.009469379570666092
18.3999415 0.14422315098012822 0.009234787536397962
18.5000188 0.14053825325138067 0.008998838956803914
18.6000599 0.13714023905467823 0.00878125988618345
18.7000172 0.13354613237671042 0.008551124770367301
18.8000438 0.13020939317647823 0.008337469213897313
18.8999787 0.12726369906435495 0.008148852760243314
19.0000082 0.12430224275113946 0.007959227033270828
19.0999693 0.12152173828031801 0.0077811878775767545
19.199813 0.11886274719423819 0.007610929374872799
19.300219 0.11647871176013438 0.00745827662416271
19.3999583 0.11415372677286129 0.007309404946925953
19.4999571 0.11196453798109683 0.007169228468797318
19.5999562 0.11003304354529618 0.007045552480433902
19.7000347 0.10827196997819875 0.006932788752020062
19.7998592 0.10651362383710009 0.006820199664081408
19.900215 0.10498115395941696 0.006722073713912122
19.9998609 0.10347656032774447 0.006625732714407631
20.1000805 0.10206662452575442 0.0065354527733381615
20.1999759 0.10070585784914167 0.006448321192453061
20.2999599 0.09940089456545856 0.006364762772145948
20.3999185 0.09814399532864218 0.0062842819524732505
20.5001795 0.09687759464185089 0.006203192743154301
20.6000438 0.09582925970324724 0.006136066554611095
20.6999404 0.09477953385059247 0.006068851304113158
20.7998915 0.09371690371014703 0.00600080977603603
20.8999558 0.09267909490125492 0.005934357588655645
21.0001587 0.09168919114426369 0.005870972821264481
21.0999809 0.09073419814477061 0.0058098234330481524
21.2001323 0.08977188163468507 0.005748205111350048
21.2999414 0.08887875049260191 0.00569101681471926
21.3999463 0.08795105718731379 0.005631615459839316
21.4999126 0.08707400939230531 0.005575456999903258
21.6001692 0.08621952269107626 0.005520743154831219
21.6999413 0.08536676034853101 0.005466139722588003
21.8000181 0.0845163505588681 0.005411686927228597
21.9000033 0.08373519829012177 0.005361668776977244
22.0000397 0.08301659491947129 0.005315655710380112
22.0999566 0.08222440622461909 0.005264930884053829
22.2000602 0.08149221298809008 0.005218047641460797
22.3000183 0.08079291566770314 0.005173270765247382
22.3999376 0.08013014662259085 0.005130832839881594
22.4999704 0.07946698853150738 0.005088370003418931
22.6000658 0.07883030482394528 0.005047602354624236
22.7000032 0.07821525949048147 0.005008220237806015
22.8001061 0.07760756688757445 0.00496930892546019
22.899896 0.07701550921474071 0.004931398737111391
23.0000877 0.07645086223140105 0.0048952436892652365
23.0999827 0.07589212176047459 0.004859466842746999
23.1998696 0.0753458815527144 0.004824490403609302
23.3001361 0.07477551059147754 0.0047879688423470654
23.4000201 0.07431261486861625 0.004758329054122494
23.5002679 0.06837646185601748 0.0043782298018016814
23.6000128 0.06813724037094081 0.00436291215290959
23.6999656 0.06776821940511209 0.004339283282005404
23.7998891 0.06738584237302081 0.004314799205585191
23.9000987 0.06708239123726682 0.004295368852362961
24.0000261 0.06664095976099972 0.004267103446514445
24.099701 0.06650819382593519 0.004258602278747275
24.2002551 0.06590826080007026 0.004220187821759752
24.3001078 0.06569641084380688 0.004206622805863262
24.4000094 0.0653472161349256 0.0041842634348230505
24.5000002 0.06492644887027096 0.0041573211841167655
24.6000226 0.06474888607068999 0.004145951617460132
24.7000675 0.06435864463693607 0.00412096397363093
24.8000247 0.06410213111598384 0.004104539094198545
24.8999836 0.06379408785637244 0.00408481470158059
24.9999344 0.06358000012985883 0.004071106398474827
25.1001246 0.06329664624758637 0.004052962897361332
25.1995125 0.06312729928044371 0.004042119400662863
25.299952 0.06287191980584383 0.004025767135627331
25.4001937 0.06258818536318923 0.004007599266759768
25.5000108 0.06250506165121474 0.004002276752211275
25.60008 0.062370249944906614 0.0039936445911697635
25.6999662 0.06225251400220821 0.003986105812486672
25.7998735 0.06205202953020687 0.0039732685426676646
25.9000672 0.06186886779289927 0.0039615404690724184
26.0000478 0.06177692300908877 0.003955653130335193
26.1000797 0.061686623971128805 0.00394987117074941
26.1998746 0.06155565777720629 0.003941485242643515
26.30004 0.06122757864802454 0.003920477928404919
26.4001198 0.061335735762631884 0.0039274033628248495
26.4999314 0.06114669944802518 0.003915299132746718
26.6000958 0.061223480946948516 0.003920215547514143
26.6999135 0.06114664482449843 0.003915295635134437
26.7999549 0.06081938730113512 0.003894340929337139
26.899921 0.060843254709498154 0.0038958691891468797
27.00004 0.06073291601134132 0.0038888040652219316
27.1000668 0.06075112548368573 0.0038899700403591253
27.1998703 0.06074869210411959 0.0038898142280423364
27.3000462 0.06069726352300467 0.003886521192099999
27.3999198 0.0605767128217252 0.0038788021809279785
27.4999706 0.06053531449259031 0.00387615139448125
27.5999456 0.0605047283968833 0.0038741929287737504
27.7000859 0.060524129238903254 0.003875435188791396
27.799945 0.0603474945602899 0.0038641250508733927
27.9000179 0.06023216422943436 0.0038567403065052704
28.0000451 0.060245518401738946 0.003857595390748813
28.0999534 0.06037007516478622 0.0038655709150328555
28.2000573 0.06024525892311448 0.003857578776010119
28.2998298 0.060177391739677066 0.0038532331559381753
28.4000473 0.060114249751038774 0.0038491900959596796
28.4999814 0.060061629299979886 0.003845820743104082
28.6001535 0.06018357709617356 0.0038536292119991738
28.6999553 0.060025562565444876 0.00384351134528342
28.7999817 0.060070158092844425 0.0038463668523071514
28.9001617 0.0600144498054284 0.0038427997814533574
28.9998728 0.060013000719559395 0.003842706994684858
29.1000668 0.060092073397869275 0.003847770116514905
29.1997711 0.0599855921729281 0.0038409519913923814
29.3003012 0.060144772636734595 0.003851144514251633
29.3999014 0.060028283933382366 0.003843685597853415
29.4998967 0.06006874180034279 0.0038462761653387063
29.5997869 0.06006239767694768 0.003845869943235941
29.7002838 0.06006335315388085 0.0038459311236110323
29.7999416 0.0601259681264932 0.0038499404380986355
29.8997591 0.060020775808303305 0.0038432048432767013