photon_energy_eV    total_yield    yield_error
5.70000576 8.94883738726868e-06 2.193801874618529e-05
5.79998988 1.0971589434744387e-05 1.9600035471237264e-05
5.90000087 1.7716108428895326e-05 1.704938758276172e-05
6.00001881 3.242251451014118e-05 2.1506500741891156e-05
6.0999877 4.520481080607235e-05 2.2851578767680556e-05
6.20000673 8.199876362357001e-05 2.3572545644298344e-05
6.29999868 9.148053625629993e-05 2.5225126190663997e-05
6.39999718 0.0001529659107085954 2.9207922835674404e-05
6.50000221 0.00018388751286922643 2.9087915977801913e-05
6.599995 0.00020444200289046542 2.8339581881267068e-05
6.70001505 0.0002796848236116253 3.072147413224694e-05
6.79999091 0.0003177105461906023 3.103934194040005e-05
6.89997931 0.0003972510660924907 3.301328493352835e-05
7.000024 0.0004991262582035076 3.690116099491751e-05
7.10000843 0.0005575303072570086 3.895550490311049e-05
7.19999193 0.0006060355642115833 4.090035014110816e-05
7.30000015 0.0006995717462764148 4.5819246143252776e-05
7.40001016 0.0007999627202721066 5.186596099603479e-05
7.60001076 0.0010277462065235929 6.580786644920885e-05
7.69999804 0.0011838063090165484 7.580058869689783e-05
7.80000067 0.001371779763847042 8.783676254308905e-05
7.89999762 0.0015422480608957797 9.875205938855579e-05
8.0000128 0.0017733109468021264 0.00011354730303973692
8.09999724 0.0020440523992262816 0.0001308832146006857
8.20000636 0.0023314032882829653 0.00014928264902435296
8.30001021 0.0027084661537655156 0.00017342645275442498
8.39996308 0.0030942502602348595 0.00019812868837992728
8.50003187 0.0035294191915539214 0.00022599309569499565
8.59999883 0.00400271712989627 0.0002562989507002646
8.70002524 0.004593574924287621 0.00029413230934169826
8.79997531 0.005272003526567503 0.0003375729356079583
8.9000086 0.006056145164467214 0.00038778249888011764
9.00001852 0.006971508883280565 0.00044639437502012213
9.09997334 0.008074264847753906 0.0005170052094610508
9.20002188 0.009389258122590964 0.0006012058625627546
9.29999032 0.010862472901771938 0.0006955376351579344
9.40000309 0.01262735131495245 0.0008085449925935159
9.49999223 0.014604474321095842 0.0009351426350037443
9.59998474 0.016981306569098947 0.0010873341567587513
9.7000283 0.019642195064839517 0.001257714152960578
9.80002824 0.022585193037578857 0.0014461579694602079
9.89999679 0.02587615678091282 0.0016568824665547524
10.0000072 0.02932869564880927 0.0018779528196118196
10.0999912 0.033029885972197255 0.002114944634282195
10.1999711 0.036773819545419494 0.002354673352342574
10.3000253 0.04043321193896506 0.002588988793636464
10.3999846 0.043859954704785785 0.0028084073902292076
10.4999838 0.04714805783971524 0.003018948719013665
10.6000147 0.05026746285011355 0.0032186880972981747
10.7000049 0.05343415106486618 0.0034214550779009295
10.8000216 0.056574755885472366 0.0036225519063711486
10.8999837 0.05987773911403367 0.0038340460260374997
10.9999842 0.06355432337596656 0.004069462284022966
11.0999938 0.06756232670243532 0.0043260997164572025
11.2000548 0.0718060968245497 0.004597833589727241
11.2999848 0.0762342244417783 0.004881372102450463
11.3999617 0.08092458232965502 0.005181701545191441
11.5000265 0.08563496672004298 0.005483313309768627
11.6000381 0.09018899501505265 0.00577491339930594
11.6999697 0.09413185887009862 0.006027379870457367
11.7999995 0.09461315914455788 0.0060581981249860995
12.0000177 0.08038981749691361 0.005147459888572909
12.0999887 0.08751430764267118 0.0056036498438894276
12.1999852 0.09397290731315915 0.006017202004789199
12.3000409 0.10024294974205625 0.006418680611251232
12.4000173 0.10817670334257594 0.006926688710984311
12.4999978 0.11356832542838548 0.007271920971551564
12.6000337 0.11520277272869196 0.007376576662785555
12.6999966 0.11572283291362391 0.007409876762536171
12.8000453 0.11796093314673427 0.0075531851010205014
12.8999149 0.11928335272480674 0.007637861269544617
12.9999327 0.12371516468239735 0.007921635695158549
13.100041 0.12670525521789697 0.00811309490695831
13.1999374 0.12968355120676658 0.00830379889928411
13.3000825 0.13502963717292069 0.00864611542553692
13.3999979 0.13918580642149905 0.008912240106041372
13.4999663 0.14078254010696853 0.009014480947662922
13.5999864 0.1424846127458714 0.009123466773343226
13.6999966 0.1432134044206548 0.009170132209711676
13.7999945 0.1432646154918327 0.009173411318222515
13.8999787 0.1436551126006723 0.009198415333245098
13.9999968 0.14585890298113124 0.00933952676923848
14.1000188 0.14622449865160936 0.009362936314225868
14.1999807 0.14664743893083296 0.0093900177057547
14.2999998 0.14675693671734846 0.009397028985062528
14.4000144 0.14638496837802895 0.009373211390171983
14.4999947 0.14703309677239076 0.009414711856481048
14.5999795 0.14690761919967527 0.009406677371609962
14.6999577 0.14626069052954824 0.009365253725134155
14.8000258 0.14548067009635748 0.009315308047719588
14.8999961 0.14436821729558869 0.009244076312803561
15.000039 0.14324272172573352 0.009172009433178934
15.0999811 0.14122077621427703 0.009042541750067176
15.2000178 0.13912175315987327 0.008908138696121346
15.3000306 0.13812609832107953 0.00884438567981737
15.3999535 0.1366362401824255 0.00874898821223785
15.4999926 0.13479467156194785 0.008631070285551087
15.6000273 0.1330873165866762 0.008521746225310453
15.700012 0.13133319156942724 0.00840942742117611
15.7999402 0.12989076476496048 0.008317067040852071
15.9000538 0.1278777415212796 0.008188170661630781
16.0000215 0.1259117702398426 0.00806228707800812
16.0999621 0.12424113471370575 0.00795531420971489
16.200001 0.12216508752162612 0.007822382328778296
16.2999665 0.12022306834275322 0.0076980324280402895
16.4000304 0.11760535867348093 0.0075304172257414925
16.600016 0.10064824588549726 0.006444632226845284
16.7000257 0.10163157818759985 0.006507596215815722
16.8000024 0.10160690018976581 0.006506016052955097
16.8998996 0.10089173610037586 0.006460223207809954
17.0000473 0.10061698948402746 0.006442630840627023
17.1000987 0.10014604173017769 0.006412475470854623
17.19986 0.09886194783252714 0.006330253343262765
17.2999361 0.09788694774638167 0.006267822876431794
17.4000456 0.0965304435122757 0.0061809642250359505
17.5000191 0.0943413568813627 0.0060407942883935585
17.6000342 0.0929427050788222 0.005951236875827796
17.7000727 0.09081672347597101 0.005815107632532268
17.8000639 0.08915842675299644 0.005708924833134928
17.8999345 0.08704944524747435 0.005573884127191868
18.0000583 0.08509508472859449 0.005448743995120652
18.1000235 0.08317283010829067 0.005325659643622806
18.1999955 0.08112398201794734 0.005194469354961853
18.2999833 0.07919996924427895 0.005071272426719788
18.4000245 0.07715568085330389 0.004940374101274237
18.4999909 0.07537970706791568 0.004826656293371591
18.6000316 0.07374922644729971 0.004722254593566285
18.7000458 0.07186088312666149 0.004601341624716554
18.7999861 0.07017157047931105 0.004493172837148039
18.8999495 0.06884283423861781 0.0044080922048686565
19.0000082 0.06724691084274989 0.004305903247096976
19.0999395 0.06591054732031361 0.0042203342304916475
19.2000539 0.06450455632817088 0.004130306880497634
19.2999755 0.06335072462551727 0.004056425603085836
19.4000198 0.06234253764061131 0.00399187013789668
19.4999881 0.06111309735685115 0.00391314754910247
19.5999875 0.06014518271078796 0.003851170771802735
19.700003 0.059321604169360616 0.003798436014602305
19.8000514 0.05839075908609234 0.0037388328474626024
19.8999237 0.057650443677635416 0.003691429532110247
19.9997628 0.056929605662412924 0.0036452733784449057
20.1001796 0.05621801844962513 0.003599709565152418
20.1998759 0.05557702489495142 0.003558665951492723
20.3000946 0.054905073450885716 0.0035156400657139716
20.4000205 0.05424380488008188 0.0034732982175823056
20.5001108 0.05359860805413244 0.0034319854632407893
20.5998704 0.053061465190705634 0.0033975915383630665
20.6999404 0.05252305181573128 0.003363116261052504
20.8000682 0.05199415365115927 0.0033292502544854555
20.8999201 0.05147231162285226 0.0032958360610898184
21.0001226 0.050992522496891214 0.003265114567276839
21.0999082 0.050534516020127526 0.0032357878435541713
21.2000956 0.0501091493704158 0.003208551088508524
21.3000156 0.04970637905248958 0.0031827612046602042
21.4000212 0.04932251298158411 0.0031581817832347756
21.4999882 0.048986210339923626 0.0031366479072754863
21.6000929 0.048688745833047296 0.0031176008853379283
21.6999798 0.04840151936206668 0.003099209417558245
21.7999793 0.04815443823754573 0.0030833885061879217
21.8999641 0.047946089606650914 0.003070047684504737
22.0001188 0.04776182978311722 0.0030582492990842
22.0999166 0.047587235089075496 0.0030470697839127424
22.2001005 0.04744016875604707 0.0030376529438974954
22.3000183 0.04731388301411974 0.003029566710947725
22.3999786 0.04721111673340777 0.0030229864583195486
22.5000117 0.04710270601294007 0.0030160447852013053
22.5998989 0.0470148772882089 0.0030104210028406154
22.7000453 0.046918666625118406 0.0030042605145532736
22.8000637 0.04683540727673831 0.002998929315037219
22.8998103 0.046740805729200516 0.0029928718604178397
23.000131 0.04665083728236899 0.0029871110689927284
23.0999827 0.046559505130941266 0.0029812629578680914
23.1999136 0.046438514263586556 0.0029735157623154217
23.300003 0.04628822323880393 0.0029638924412808795
23.4000649 0.04615346104339834 0.0029552634504839666
23.6000128 0.04472774489632688 0.0028639730743138404
23.7001032 0.04463853550871467 0.0028582608863935775
23.799704 0.04444416293707139 0.002845814969147766
23.9000987 0.0443406997167032 0.0028391900906075416
23.9997907 0.04412848256843666 0.0028256015629508973
24.0999383 0.044098251820247285 0.002823665850586426
24.2003508 0.04389954193783964 0.0028109422099438083
24.2999148 0.04374286711996821 0.0028009101267067286
24.3998635 0.04358083885700678 0.002790535255729554
24.5001473 0.04337064199273503 0.0027770760893670457
24.5998743 0.04327766709678572 0.0027711227912697875
24.7001173 0.043065840980054115 0.0027575593018481334
24.8000749 0.042952951582112674 0.0027503308534470527
24.8998823 0.04286509381049371 0.002744705211178051
25.0000366 0.04267615779780691 0.002732607403556463
25.1001246 0.04264486373051034 0.002730603605548518
25.19972 0.04249605899927096 0.0027210754537360824
25.3001089 0.0423160757086807 0.002709550900032968
25.4000356 0.04218447127971084 0.002701124104944064
25.500064 0.04213942922347522 0.0026982400061242025
25.6001872 0.041974054187573114 0.0026876508371176918
25.6996964 0.04188616281298371 0.0026820230432087447
25.7999823 0.0417141015102827 0.0026710057442322537
25.9002316 0.041692668574796865 0.0026696333667453665
25.9997716 0.041469555559420876 0.0026553471631809594
26.1000797 0.04143090387509411 0.002652872247813657
26.1999307 0.0412645519882806 0.0026422205298296734
26.300153 0.04121705718083378 0.002639179378302524
26.4001198 0.04106985241186885 0.0026297536740622737
26.4997019 0.0408819798844833 0.002617723962725772
26.6002693 0.04072491295219107 0.002607666771915176
26.6997387 0.04058409395883016 0.0025986499568203744
26.8001309 0.040359018294730355 0.0025842380824198366
26.899921 0.04021583796166658 0.0025750700678101933
26.9999804 0.0400717898156724 0.002565846486060467
27.1000668 0.03986791875368561 0.002552792368677279
27.1999307 0.0397245466092599 0.00254361207214783
27.2999244 0.0396384477656479 0.00253809905622436
27.3999811 0.03945726742100346 0.002526497853662968
27.4999706 0.039258033347031006 0.0025137406483832126
27.5999456 0.03915561738959703 0.002507182827389759
27.6999605 0.03893052330238161 0.00249276977333424
27.8000713 0.03878178967026517 0.002483246174086978
27.8999543 0.03872393146681889 0.0024795414414387662
28.0001733 0.03862011146376508 0.002472893717659924
28.0998888 0.03850488553101303 0.0024655156580320695
28.2001222 0.0384236072906855 0.0024603113113258984
28.3000261 0.03833744283327673 0.0024547940940695054
28.3999814 0.03822144160754123 0.002447366391468716
28.4997823 0.03815822251787839 0.0024433183946158303
28.6000867 0.0381793047370415 0.0024446683153008524
28.7000226 0.038080568040839154 0.0024383460819750796
28.8001172 0.03811032413293755 0.0024402514015203444
28.9000252 0.03805900608134545 0.002436965442920673
28.9998041 0.03799841244835602 0.0024330855573203853
29.100136 0.03807166698149242 0.00243777613608666
29.2001194 0.03798722497093172 0.0024323692092418723
29.29974 0.03808790535439012 0.0024388158992774377
29.4001133 0.038092817160565916 0.0024391304083291755
29.4998256 0.0381897921816191 0.002445339839406488
29.6000733 0.03817525769926291 0.0024444091784439534
29.7001397 0.03821385563621958 0.0024468806523003745
29.7999416 0.03827647663408499 0.0024508903525924173
29.8994669 0.03825353258871537 0.0024494212168623074