photon_energy_eV    total_yield    yield_error
5.09999275 7.425957819462124e-06 1.9073338400214594e-05
5.30001283 1.5304467508360956e-06 1.437864920700327e-05
5.39998552 4.320777420285057e-06 9.393073016560847e-06
5.60001305 7.530481954009363e-06 1.0945327157611265e-05
5.69999249 4.2035809314869536e-06 2.2997187449732772e-05
7.000024 5.848036566202861e-07 1.924258958252337e-05
7.19999617 8.353969618785037e-07 1.687876727285282e-05
7.49999373 1.6118762552913613e-05 1.9835540234676563e-05
7.5999966 2.6883290961700954e-05 1.4512616328088042e-05
7.69999804 4.179829372950721e-05 1.4750511876869162e-05
7.80002553 5.61013926799623e-05 1.468655041206485e-05
7.89999252 9.713632793138279e-05 1.5699489319026422e-05
8.00000757 0.00010576204329527774 1.5871056772795538e-05
8.09998652 0.00017605345167272037 1.8174765363178497e-05
8.20002285 0.00025120161986910743 2.1283059064912787e-05
8.29999332 0.0003823970279518669 2.768916138510873e-05
8.39999191 0.0005067318284859753 3.430860679599761e-05
8.50002006 0.0007174634375545177 4.614018169341644e-05
8.59998675 0.0009982278174569816 6.391776732438493e-05
8.70001905 0.0013698509693944561 8.771325943800525e-05
8.79998796 0.0018488940086401795 0.00011838698039168315
8.9000086 0.0024957032558408352 0.00015980298006914526
8.99997881 0.0033384005280269555 0.00021376193335268022
9.1000207 0.004421585136451013 0.0002831195895508231
9.20002879 0.005848576039378904 0.0003744915899221608
9.30000446 0.007530600441265389 0.0004821937020788893
9.39999587 0.009681306474223836 0.000619906081351182
9.49997748 0.012236223788436739 0.0007835006111439167
9.60001486 0.01531901228450587 0.000980895388524511
9.69998217 0.018882758465422495 0.0012090864839953707
9.80003609 0.022960595412757318 0.0014701954499331588
9.89993272 0.027390908072364873 0.001753873873634546
10.0000562 0.032149393485363394 0.002058565606448961
10.0999912 0.037369158492116736 0.0023927936447334223
10.1999711 0.04275757237439606 0.0027378204800428464
10.300034 0.04818405265779461 0.003085284754308653
10.4000111 0.05350952294159303 0.0034262812328078344
10.4999748 0.05900629338279149 0.003778246273204257
10.6000147 0.06425843851538049 0.004114547651174213
10.7000143 0.0697412308466981 0.0044656176558289205
10.8000025 0.0753449149291754 0.004824428509503191
10.899974 0.08124091720489648 0.005201956860259481
11.0000237 0.08747871641929796 0.005601370893639218
11.0999938 0.09422617751084889 0.006033419210203665
11.2000138 0.10102433970113422 0.006468713981109823
11.2999014 0.10769680635384081 0.006895960310583902
11.4000785 0.11553447784114794 0.007397816153238028
11.5000157 0.12338460184821601 0.00790046934620314
11.5999721 0.13088197142134578 0.008380535234510126
11.7000256 0.13754636510114074 0.008807264641499021
11.7999995 0.13977522749191396 0.008949981469461646
12.0000647 0.12332622151708637 0.007896731181070683
12.0999528 0.13413260924163414 0.00858867761265217
12.2000217 0.14497012083453684 0.009282616944191914
12.3000038 0.1556064863264044 0.009963676640983632
12.4000173 0.1675353405632125 0.010727495997868729
12.4999722 0.17633706810527172 0.011291081547427124
12.6000208 0.18044942109584786 0.011554400618495499
12.6999307 0.18214980329195665 0.011663278203023533
12.8000721 0.18692445953053852 0.011969005373890269
12.8999421 0.1900211363723316 0.01216728943930209
12.9999879 0.19894972471968134 0.012738998043831848
13.1000129 0.20519913611720303 0.013139155619723451
13.1999943 0.21209986713870632 0.013581018000321375
13.3000102 0.22103821444504196 0.014153351483119277
13.4000272 0.2305785145701638 0.01476422875275479
13.4999514 0.23623383538155934 0.015126345970333846
13.6000166 0.24121743638673618 0.01544545213419327
13.7000272 0.245248596883698 0.015703572349024048
13.7999322 0.24725203196009865 0.01583185478598229
13.8999945 0.25016624231391615 0.01601845529547736
14.0000449 0.2548012848623409 0.01631524282831087
14.09997 0.25644614720582193 0.016420565407698706
14.1999971 0.258034288184986 0.016522256047660167
14.3000165 0.25895983777534726 0.016581520137810044
14.3999128 0.25810970476838485 0.01652708506519082
14.5000634 0.25892349029022005 0.016579192763180168
14.599962 0.2598999724733395 0.016641718130521704
14.699993 0.25769268966121317 0.016500383069789754
14.8000616 0.25591356902231094 0.016386463764947033
14.9000142 0.25425338913691853 0.01628016038432049
15.0000206 0.25225317208025977 0.01615208400116431
15.0999811 0.24911879483067317 0.015951385931803445
15.1999801 0.24698797614311185 0.015814946963964457
15.2999541 0.24546177205886582 0.01571722222033341
15.4000698 0.24386897711049776 0.015615233580941851
15.4999533 0.2416366182309168 0.015472292868456918
15.6000472 0.23956583352035407 0.01533969795074982
15.6999516 0.23690655269103814 0.015169420895426486
15.8000014 0.23430379109519944 0.015002762836840745
15.8999505 0.2312946366972509 0.014810082942243924
16.0000424 0.22881432920028744 0.014651265771742994
16.1000256 0.22644418168379937 0.014499502281651833
16.1999581 0.22282444756468694 0.01426772620894032
16.2999882 0.22010333724407993 0.014093490134474246
16.4000084 0.21554093592085202 0.013801353909537682
16.5999935 0.18695263112315963 0.011970809235965461
16.6999802 0.1889715123784773 0.012100080710949698
16.8000485 0.18895985316431968 0.012099334156982075
16.8999929 0.18728346264680631 0.011991992789441151
17.0000237 0.18647120731221578 0.011939983071242145
17.0999553 0.18531762897449883 0.011866118017102013
17.1999567 0.1823352596618133 0.01167515320479169
17.2999117 0.18042439051608633 0.011552797879376017
17.4000704 0.1768453739344997 0.011323629001178703
17.499969 0.17243249766279115 0.011041067051057011
17.6000849 0.16899962544023328 0.010821255977734309
17.7000215 0.1646841461829496 0.01054493047944979
17.7999862 0.16137992791050132 0.01033335727838897
17.900013 0.15688666290896683 0.010045647938023625
17.9999524 0.15257260701709977 0.009769413579595085
18.1000235 0.14893913869742625 0.009536758088958628
18.1999684 0.1445168273661061 0.00925359200024813
18.2999833 0.14068131750496687 0.009007999538700394
18.3999968 0.13637808289240097 0.008732458080229589
18.4999909 0.1323535208374715 0.008474760371839873
18.6000882 0.12902910001885246 0.008261893576648615
18.7000172 0.12491398124731254 0.007998397409188993
18.7999283 0.12142830565142315 0.007775205270270319
18.9000371 0.11845880155190928 0.007585064233542782
19.0000082 0.11510955051042444 0.007370607528332995
19.0999991 0.11238868379720077 0.007196387052350326
19.2000238 0.10922882760257954 0.006994057534484512
19.299945 0.10639957883522402 0.0068128972209247005
19.4000506 0.1039511552617382 0.006656121617655812
19.499926 0.10107845594853798 0.0064721791116637215
19.5999875 0.09867844102518364 0.006318503174404413
19.6999713 0.09678025601104327 0.006196960029692673
19.8000193 0.09413711184859092 0.006027716225196395
19.8999885 0.09221319098895091 0.00590452518232376
19.9999589 0.08993321025401914 0.0057585351832765445
20.1001135 0.08794053688456122 0.005630941831783914
20.1999092 0.0858364659121491 0.005496215553376605
20.2999936 0.08398317307252003 0.005377546910371707
20.3999525 0.0820765116989888 0.00525546101383736
20.5000765 0.08027842904974379 0.005140327547914478
20.6000091 0.07855210054496342 0.005029788589007174
20.7000455 0.07687505326437583 0.004922405168110661
20.7999268 0.07540661563765888 0.0048283792825227646
20.8999558 0.0737794273100683 0.004724188392330134
21.0000866 0.07230767239709614 0.004629950096782005
21.0999445 0.07087631763120321 0.004538298672843465
21.2000956 0.06964321742482373 0.004459341734656945
21.2999414 0.06850424999555772 0.004386412235137148
21.4000586 0.06727318731267388 0.004307585762111422
21.4999126 0.06617140240792954 0.004237037105831361
21.6000548 0.06500750251214067 0.004162511149504647
21.7000183 0.06392845181969237 0.004093418193082303
21.8000181 0.06290224229304645 0.004027708722154794
21.8999641 0.06199428468523628 0.003969571068503485
21.9999606 0.061282105814941146 0.003923969370645742
22.0999566 0.060451452325691865 0.0038707815957465396
22.2000602 0.05974855390638022 0.003825774136695063
22.300059 0.05913517560965355 0.003786498762310205
22.4000196 0.05855908110960694 0.003749610715747203
22.499929 0.057924391695076086 0.0037089707640129573
22.5999406 0.05742350236194428 0.003676898197720479
22.7000874 0.05695684082040117 0.0036470172794471544
22.8000212 0.05651914840725137 0.0036189912904553544
22.899896 0.05619072634568129 0.0035979620178298844
23.0002174 0.05579881038333664 0.003572867151854625
23.0998955 0.05548896362819243 0.0035530272791770875
23.1999136 0.05511680077731166 0.0035291972294696195
23.300003 0.05481894251964235 0.003510124995179601
23.4001096 0.05462150867455678 0.0034974830607920316
23.4998617 0.05428976859086692 0.003476241331088006
23.5001325 0.04972009049633875 0.003183639165444613
23.6001494 0.04972757814895055 0.0031841186091438136
23.6999656 0.04945866949274395 0.0031669000538016943
23.7998891 0.04926319808817809 0.0031543837769186876
23.9000987 0.04908485931317736 0.0031429645235918745
23.999979 0.04875494373403704 0.0031218396191808736
24.0997484 0.04855867327674853 0.003109272177959313
24.2002073 0.04833543612724637 0.0030949780259325855
24.299963 0.04788988979324731 0.003066449140631299
24.400204 0.04741622466173452 0.003036119773791135
24.5000002 0.04719540345178924 0.003021980317375736
24.6001215 0.04690030165547666 0.0030030845827309456
24.699868 0.046592788466279136 0.0029833941311801365
24.8000749 0.04617170214678699 0.0029564314509962207
24.8998823 0.04577316927362729 0.0029309128960007943
24.9999855 0.04556172783043697 0.0029173740377038977
25.1000217 0.04526903657084758 0.002898632652720282
25.1996681 0.044948089502669195 0.0028780820132084215
25.3001612 0.04477990450626814 0.00286731291894014
25.4000883 0.04460838744605614 0.0028563304684863728
25.500064 0.04447950262621861 0.002848077813348984
25.5998123 0.04390533659270255 0.0028113132488938107
25.7002361 0.04390232599327025 0.002811120476471869
25.7998191 0.043565588407309966 0.0027895587504886995
25.9000124 0.04333872617441763 0.002775032479868789
26.0000478 0.04324653848763036 0.0027691295877521854
26.0999684 0.04283871766756616 0.002743016313977357
26.1998746 0.042481889186825335 0.0027201681430409773
26.300153 0.04233453755338834 0.0027107330348861204
26.399949 0.04208349488579144 0.002694658460990925
26.499874 0.041748476986808114 0.0026732068487013857
26.6002693 0.04148618217348971 0.0026564117859362657
26.6996805 0.041318702020126954 0.002645687823643405
26.8000723 0.04103116865046148 0.0026272767047596486
26.8999801 0.040868621743097716 0.002616868624337041
26.9999804 0.04064428094159629 0.002602503804101652
27.1000668 0.04044268575516706 0.002589595413857904
27.1999307 0.04007296581955078 0.0025659217870498373
27.2999244 0.0398458164162301 0.0025513771285506264
27.3999811 0.03972484760758743 0.002543631345444694
27.4999706 0.03949557199687647 0.0025289505432447386
27.5997589 0.03921062010114613 0.0025107047193442043
27.7000232 0.03899003977031465 0.0024965806867177248
27.8000082 0.038870307249655046 0.00248891406466728
27.9000179 0.038682144842216666 0.002476865791950856
28.0001092 0.0383823764885337 0.002457671251840029
28.0998243 0.03828103658065727 0.0024511823316366007
28.2001222 0.038234605971894244 0.002448209322073308
28.3000261 0.03790439943141031 0.0024270657870459926
28.3999155 0.037861373596063806 0.0024243107893545624
28.4999814 0.03768295343981489 0.0024128863250853227
28.599953 0.037698566608645456 0.0024138860556829436
28.7000226 0.03740213114687125 0.002394904924781734
28.7998461 0.03747065658331583 0.0023992926936115236
28.9001617 0.037292086916193894 0.0023878586559753353
28.9998041 0.03719412282483549 0.0023815858934975844
29.1000668 0.037113729606782546 0.002376438215867184
29.2000498 0.03732210719732795 0.002389780891872776
29.3000908 0.03721837046263194 0.0023831384998703343
29.3999014 0.037099166395670444 0.002375505715366717
29.4998256 0.03705826674707023 0.002372886860054172
29.5997869 0.03701318052091252 0.002369999932979324
29.7003559 0.0370159004472694 0.002370174093243121
29.8001593 0.03703602513553161 0.0023714627020349466
29.8995399 0.037022838568733944 0.0023706183497802405