photon_energy_eV    total_yield    yield_error
6.20000359 0.00015215437036890782 2.333033110835932e-05
7.29998709 2.7784355450050077e-06 1.6930932615126844e-05
7.40002359 1.3196463196552994e-05 1.7467035404878333e-05
7.49999373 2.107332528341173e-05 1.9535358686995587e-05
7.5999966 5.133777102343198e-06 1.4458915959558427e-05
7.80002056 1.6316120607809304e-05 1.4131270916440434e-05
7.89998742 3.0510887079331202e-05 1.4560961907454703e-05
7.99999711 5.1782807689233624e-05 1.4789447075230112e-05
8.10001869 6.075865120739569e-05 1.5142662931401663e-05
8.1999679 6.602663115743732e-05 1.5393360204349875e-05
8.3000271 7.83530829849032e-05 1.5731108334912376e-05
8.39999768 0.00011245582107384988 1.6551220528242553e-05
8.50002596 0.00011899789234472734 1.6677758964928058e-05
8.59998675 0.00013012166949023877 1.703406699746871e-05
8.70002524 0.00014237482939621625 1.7486985531921244e-05
8.79997531 0.00015648830999985365 1.7990851801186286e-05
8.90001507 0.00016407406802670843 1.8424169038655e-05
8.99995895 0.0002121183850022549 2.0230958804933463e-05
9.10002747 0.0002474579944937663 2.1798247086055857e-05
9.19999421 0.00026752953810961835 2.2791959741067675e-05
9.30002566 0.0003010042485877129 2.4349802979218636e-05
9.39998143 0.00032955628487400487 2.57960002456111e-05
9.50001435 0.0003845881404578073 2.8561821573967234e-05
9.59999227 0.00042151553823561257 3.057608055017006e-05
9.70001293 0.0004647994447424676 3.298182446899745e-05
9.80002039 0.0005352774625831581 3.689092727379172e-05
9.89998878 0.000590912562011578 4.007914196764074e-05
9.99999901 0.0006568839457137789 4.389757565698008e-05
10.0999912 0.0007048386584392042 4.6749831178965155e-05
10.1999881 0.0007849352532502938 5.1429977456279855e-05
10.3000253 0.0008781780413785024 5.687931291763064e-05
10.3999846 0.0009691826044362686 6.22159011993943e-05
10.4999928 0.0010525509914296725 6.739614764357311e-05
10.6000147 0.001151620087295009 7.373966493273205e-05
10.7000143 0.0012465162996185193 7.981598730442448e-05
10.8000121 0.0014053778424471394 8.998808925724362e-05
10.8999837 0.0015747483298398175 0.00010083309198654237
10.9999644 0.0017735548660719454 0.00011356292149362245
11.1000643 0.0020185998649111217 0.0001292534572069108
11.1999933 0.002344930572278487 0.0001501488178245366
11.2999222 0.0027645019035571266 0.00017701449143095886
11.4000466 0.003361620619817204 0.00021524874467805573
11.5000481 0.004141101384645771 0.0002651598664569207
11.5999721 0.005326051963469454 0.00034103372417118073
11.700048 0.0071170530086468 0.00045571374618760704
11.7999995 0.009932910823067924 0.0006360166203944529
12.0000294 0.020508936725989822 0.001361175015551371
12.0999767 0.019976217550454204 0.0012989544093308476
12.1999973 0.019620417039754832 0.0012563196789579464
12.3000409 0.01852520671230702 0.001186192001030268
12.4000047 0.018135987182554273 0.0011612697909838476
12.4999722 0.01754419345255768 0.0011233765032228275
12.6000208 0.01767057357376087 0.001131468779394886
12.6999834 0.017843154633515317 0.0011425193590612417
12.799965 0.01906831227404142 0.0012209677248885289
12.8999965 0.019343674366294056 0.0012385995017582597
13.0000017 0.020733060722677936 0.0013275636362954611
13.1000129 0.02094114711701465 0.0013408876666460355
13.1999801 0.02094256498192431 0.0013409784542977197
13.300068 0.02077746611629744 0.001330406968817039
13.3999979 0.020141483332885995 0.0012896842010665208
13.4999514 0.01968684869198157 0.0012605733801830036
13.6000166 0.019300272215420352 0.0012358204081160983
13.6999966 0.019422465115569054 0.0012436445713219421
13.7999945 0.019532741364038878 0.0012507056965158452
13.9000261 0.01954556917190501 0.0012515270769904527
13.9999648 0.02015547020905686 0.001290579798124677
14.100035 0.020396095035504647 0.001305987304708236
14.1999642 0.020860015084408448 0.0013356926818019058
14.2999496 0.020790822009847044 0.0013312621632740392
14.4000653 0.020325995768855486 0.001301498761575161
14.499926 0.0199511355994674 0.0012774959992125907
14.5999795 0.019659923401522946 0.0012588493203836482
14.7000283 0.01901850493327458 0.0012177784989798666
14.8000258 0.018567998583362937 0.0011889320176975001
14.8999961 0.017970704372620133 0.0011506865273206448
15.000039 0.01778090727020169 0.0011385335830537441
15.1000184 0.01751157732445491 0.001121288052018967
15.1999612 0.017394857554573595 0.0011138143401438207
15.2999733 0.017350148531770207 0.0011109515658683778
15.4000892 0.01749270528665547 0.001120079651992534
15.4998944 0.017197245557046794 0.001101160998434107
15.6001068 0.01701788694707619 0.001089676443807157
15.6999717 0.016768287539174895 0.00107369428362334
15.8000014 0.016429696141527114 0.001052013855774692
15.8999711 0.01604491539603036 0.001027375866598815
16.0000215 0.01569122475227579 0.0010047286152630338
16.1000256 0.015494851115462508 0.000992154567328314
16.200001 0.015328183106806042 0.0009814826076699852
16.2999447 0.015525012025941549 0.0009940858078974278
16.4000304 0.015584492022936559 0.0009978943860014398
16.4998621 0.01618585695318959 0.0010364005296058928
16.599971 0.019135391756070496 0.0012252629074606773
16.7000029 0.019068902119597504 0.0012210054934322942
16.8000024 0.019034124921904687 0.0012187786662577254
16.8999229 0.018767138022390033 0.0012016831633841318
17.0000945 0.018397383427134095 0.0011780073172762775
17.1000031 0.01830443037942723 0.0011720554181491264
17.1998358 0.0177106624182281 0.0011340357179114742
17.3001073 0.017438493788398214 0.0011166084224081478
17.3999219 0.016976186029164352 0.0010870062822251117
17.5001192 0.016379709511604792 0.0010488131497586603
17.5999583 0.015912863557349003 0.0010189204233102332
17.6999959 0.015265013980145169 0.000977437810010188
17.800038 0.014777698618677561 0.0009462344019873222
17.900013 0.014057408593107565 0.0009001133367802386
18.0000318 0.013463731172454276 0.0008620994339662216
18.0999968 0.012860632672389074 0.0008234822877329525
18.1999414 0.012179069128011161 0.0007798409272293843
18.3000107 0.011611560125446918 0.0007435026207365798
18.4000245 0.011031772623247263 0.0007063781066576271
18.4999629 0.010463601318600316 0.0006699973921396401
18.6001164 0.009979526909339625 0.0006390015063130588
18.6999315 0.009434727073765671 0.0006041172959959285
18.800015 0.008944101786877089 0.0005727019493361914
18.8999787 0.008570624790543662 0.0005487877532627297
19.0000672 0.008128368346563308 0.0005204695237066149
19.0999693 0.00775655773945732 0.0004966620286056651
19.1999636 0.007409418964537528 0.0004744343015712485
19.3000059 0.0070707244348102005 0.0004527472700474187
19.3999891 0.006787973679694288 0.0004346423879150674
19.5000192 0.0064729583371470325 0.000414471564164792
19.5999248 0.00619099613074932 0.0003964171737865396
19.700003 0.005946054361705105 0.00038073324800527264
19.7998592 0.005693878497088547 0.00036458611409705404
19.9001826 0.00546862372384868 0.0003501627711157576
19.9998936 0.005233367662204963 0.00033509903321261885
20.1003116 0.005039218610301379 0.0003226674282134344
20.1998759 0.00485932881344749 0.0003111488610304143
20.2999599 0.004692175949701484 0.0003004458554983307
20.4000205 0.004527653977496155 0.00028991130922014874
20.5001108 0.004369743818799256 0.000279800125575259
20.5999051 0.004229191970322834 0.00027080041609930526
20.6999755 0.004100080462170905 0.00026253324582751396
20.8001036 0.003973641564270722 0.0002544372061105244
20.8999201 0.0038536752437906096 0.00024675561356710595
21.0001587 0.0037460081898339397 0.00023986155833947653
21.0998354 0.0036436543470564783 0.00023330771462464896
21.2001323 0.0035416305257576983 0.00022677500259511162
21.2998673 0.0034529026309040203 0.00022109364525437183
21.4000212 0.0033598690093703597 0.00021513658688498846
21.4999126 0.0032728261279354525 0.00020956312304687
21.6000548 0.0031931399534895414 0.00020446071829704086
21.6999798 0.003112790224314276 0.00019931582531350773
21.8001346 0.00303797080151677 0.00019452504471805326
21.8998857 0.002965385868066076 0.00018987734125154742
22.0001188 0.0028953890419538943 0.00018539535751332456
22.0998767 0.0028285356971163274 0.0001811146547864958
22.2001005 0.0027619522593790346 0.00017685123454662318
22.300059 0.002693736251916452 0.0001724832788389775
22.3999786 0.0026363627420530025 0.00016880958172304505
22.4999704 0.0025736630900093497 0.00016479484510625186
22.5998989 0.0025152038522570407 0.00016105162748471528
22.7000453 0.002456576132601907 0.00015729762175762326
22.8001061 0.0024018938155712364 0.0001537962450622425
22.9000246 0.0023432094543485494 0.00015003861250520998
23.0000013 0.0022913173893735583 0.00014671589911549192
23.0999827 0.0022345986992316448 0.00014308413091986062
23.1999576 0.0021774713738498316 0.0001394261973021406
23.2999586 0.0021248650047455504 0.00013605774613159098
23.4000649 0.0020837479090657276 0.0001334249674123878
23.6001038 0.002192778902572719 0.0001404063573839478
23.7001032 0.0021576740762718092 0.00013815855174256555
23.7998428 0.0021202342397206543 0.0001357612324939033
23.9000053 0.0020976153000679737 0.0001343129136867522
23.9999319 0.0020674479657001063 0.00013238126178805588
24.1000807 0.002048702957592168 0.00013118099563058771
24.199968 0.002029973994867312 0.0001299817568789327
24.3000113 0.002016942532537735 0.00012914733615601562
24.4002527 0.00200699593161561 0.0001285104429415703
24.4999021 0.002004634679908282 0.0001283592490611916
24.600171 0.002006622214047545 0.00012848651334139002
24.6999677 0.002001901321432405 0.00012818422872212681
24.8001252 0.0020028926192160387 0.0001282477027507758
24.8996796 0.002003626460513585 0.00012829469152076325
25.0001898 0.002007187422194539 0.00012852270432124212
25.1002276 0.002009663966884663 0.0001286812805545463
25.1997719 0.002019600786285356 0.00012931754744602202
25.2997951 0.0020243643612829544 0.00012962256507126154
25.4000883 0.0020174990485953186 0.00012918297057058398
25.5000108 0.0019869862730332723 0.0001272291996430571
25.6000265 0.0020111186016691213 0.0001287744226269961
25.7002361 0.0020116267654157983 0.00012880696098302544
25.7997103 0.001994722151323349 0.00012772453754082732
25.9000672 0.001992736351822443 0.00012759738433167797
26.0000478 0.0019869385588347564 0.00012722614444364723
26.0999684 0.0019838269547353066 0.00012702690456738242
26.1998185 0.001969663124046151 0.00012611997689157613
26.300266 0.001961238445292767 0.00012558053424439238
26.4000629 0.001959921932194789 0.00012549623627512675
26.499874 0.0019532501944524616 0.0001250690366186898
26.600038 0.0019623670564589 0.00012565280061951737
26.6999717 0.00195407389240991 0.0001251217790222464
26.8000723 0.001958405919418869 0.00012539916409362922
26.8998619 0.0019608912714260585 0.0001255583042703871
27.0000995 0.0019670492196706096 0.00012595260534696253
27.1000068 0.0019745123983782088 0.00012643048195167173
27.1999912 0.001980381575432739 0.0001268062926501882
27.3000462 0.001992692144095671 0.00012759455365601022
27.3999198 0.0020044403016085013 0.00012834680277716605
27.5002796 0.0020042989398543444 0.00012833775120842317
27.5998211 0.0020053857182562064 0.00012840733897967997
27.7000859 0.0020218573367003275 0.00012946203717257296
27.8000082 0.002022972949594807 0.0001295334712522153
27.8999543 0.0020318018045854523 0.0001300987938060091
28.0001092 0.002037230790826181 0.0001304464185398361
28.1001469 0.002042010705457726 0.00013075248241213713
28.1999923 0.0020451046649998038 0.0001309505924854723
28.2998298 0.0020556344407745924 0.00013162482711025515
28.4001132 0.002040028520081787 0.00013062556061989956
28.5000478 0.0020429568536937852 0.00013081306545916234
28.6000198 0.002045243818508962 0.00013095950265754446
28.6999553 0.0020343283047894903 0.00013026056875293268
28.8000494 0.0020270187597725836 0.00012979252950430904
28.9000252 0.0019913505155590987 0.00012750864751400864
28.9998041 0.0020116524248982044 0.00012880860399156255
29.1002052 0.002003347283147962 0.00012827681544719965
29.2000498 0.001995482321039651 0.00012777321215217744
29.2998803 0.001975411748748195 0.00012648806847319173
29.4001133 0.0019619379936651068 0.00012562532719577422
29.4998967 0.0019448257987406499 0.00012452961209500957
29.5997153 0.0019287035390806659 0.00012349728377909926
29.7002838 0.0019148728984170595 0.00012261169067457562
29.8000867 0.00189624467358987 0.00012141890229566236
29.9000513 0.0018767076955501984 0.00012016792531954224