photon_energy_eV    total_yield    yield_error
7.60000604 6.099279847025484e-06 1.5510484177504556e-05
7.70000289 1.7891382780191667e-05 1.5245255980555394e-05
7.79999073 1.8656825455712002e-05 1.4933096543020718e-05
7.90000272 1.2657236059772584e-05 1.487896735751812e-05
8.00000757 3.5617251653337323e-05 1.5002937733443826e-05
8.09998116 4.333995621351843e-05 1.519667422434009e-05
8.20002834 0.0001026913907675998 1.612566879898739e-05
8.29997081 0.0001591671730205036 1.7805273250193468e-05
8.40002074 0.0002150600764281802 1.9842161507253715e-05
8.50003187 0.00036594252574910865 2.66787606237224e-05
8.59998675 0.0004925440411479633 3.336267189092566e-05
8.70001905 0.0007206838190561142 4.620552045315926e-05
8.79998164 0.0009776152506544976 6.259791906349803e-05
8.90001507 0.0013473471553717745 8.627231226797212e-05
8.99999866 0.0017573911797691564 0.00011252794057830596
9.09998687 0.002327520557200894 0.00014903403292936253
9.20000805 0.0029856180011208376 0.0001911728298669265
9.30000446 0.00381146418918926 0.0002440527872990509
9.40001031 0.00486523993548924 0.00031152735751857386
9.49997748 0.006085701233354289 0.0003896750106906583
9.60000733 0.00763776081456299 0.0004890553139144314
9.70000524 0.009484044239461357 0.000607275135385804
9.80003609 0.011636013415651122 0.0007450683952884951
9.89998878 0.014149328370421339 0.0009059990743204112
9.99998267 0.016971099455807298 0.0010866805826136314
10.0999745 0.02021355182799834 0.0012942988363446124
10.1999881 0.023755248549555227 0.0015210780775389858
10.3000166 0.027546557031190935 0.0017638402698424492
10.3999846 0.03147496210854723 0.002015380927495193
10.5000018 0.03559712847777959 0.002279328361390816
10.6000147 0.03986082758977614 0.0025523383126422757
10.7000143 0.044309518634688086 0.0028371935271875376
10.8000121 0.04911128882564759 0.003144656838110691
10.9000031 0.05394785961056682 0.003454348474300451
10.9999545 0.059245003324586314 0.0037935311673444835
11.1000643 0.06508716765871457 0.0041676122078137074
11.1999933 0.07124696231408247 0.0045620315123676616
11.2999744 0.07757971524572914 0.00496752555023067
11.3999723 0.08435632061813648 0.0054014400113064605
11.5000589 0.09152267317067017 0.005860310468537633
11.5999611 0.09868049942643448 0.00631863497639381
11.7000704 0.10547863599296582 0.006753928106579163
11.7999654 0.10885553366731952 0.006970155060039012
12.0000412 0.13251169196702434 0.006060634475552066
12.0999648 0.1466620907992458 0.0067078256307802
12.2000217 0.16018976455218814 0.007326535457091266
12.3000162 0.17228825193445063 0.007879879155617272
12.4000047 0.18691365856979125 0.008548795553539133
12.4999722 0.1981502340902171 0.009062718332543298
12.6000467 0.2035558542543527 0.00930995302890996
12.6999702 0.20526731053444952 0.009388229223112778
12.8000185 0.21090699605423185 0.009646169273421474
12.8999421 0.21582493317023196 0.009871099004461694
13.0000708 0.22609567725838758 0.010340847935942692
13.0999849 0.23467849879061534 0.010733397025789607
13.1999943 0.24316320503478306 0.011121458655786235
13.2999958 0.2554441595353531 0.011683147780224877
13.4000125 0.2653220049362704 0.012134926860940793
13.4999514 0.27155262291988813 0.012419894153977136
13.6000318 0.2778664465137282 0.012708666988867082
13.6999812 0.28291621127407046 0.012939626068369094
13.7999945 0.2854229091091517 0.013054273908824302
13.9000103 0.28973349428161094 0.013251425425933534
14.0000128 0.29663741751735306 0.013567187413106077
14.0999863 0.3001050460821956 0.013725784959605776
14.1999148 0.3034358420257095 0.013878124247004756
14.3000833 0.30584794194528414 0.013988445500277173
14.3999467 0.3075592685788097 0.014066715764886398
14.5000634 0.3108740558595585 0.014218322870452806
14.5999969 0.3128786990885994 0.014310008439361928
14.7000106 0.3127878122571471 0.014305851584552385
14.7999363 0.31367580755290536 0.014346465471702359
14.8999416 0.313579165729589 0.014342045403122167
15.0001309 0.31327396169240795 0.014328086407637622
15.1000184 0.3108554776226515 0.014217473165031174
15.1999612 0.3088010239537878 0.014123509435875575
15.2999541 0.3080756080469979 0.014090331377482822
15.3999923 0.3070256317499715 0.014042309029795535
15.5000122 0.3051137506133141 0.013954866083758238
15.6000472 0.3029474302794301 0.013855785953501551
15.6999516 0.30107313695793547 0.013770062146394974
15.799981 0.2995892070895083 0.013702192237058
15.9000124 0.2967701008872384 0.013573255899546199
16.0000424 0.2940533003334732 0.01344899867473131
16.0999621 0.29187372360775915 0.013349312242161565
16.200001 0.28867348093476747 0.013202944017696568
16.2999665 0.28577398078286814 0.013070330734131802
16.3999864 0.28129426309489286 0.012865443670526581
16.6000836 0.23292035944330866 0.010652985706735863
16.7000257 0.23661399525993693 0.010821920056890881
16.7999332 0.23873792314233153 0.010919061300478884
16.9000396 0.2386407791748865 0.010914618265532687
17.0000709 0.2383927946853044 0.010903276297705896
17.0999075 0.23967341869940023 0.010961847688160865
17.1999083 0.23815367883753732 0.010892339951417385
17.3000584 0.23676151658071065 0.010828667180780769
17.3998477 0.233726893166006 0.01068987381836522
17.5001442 0.22969522073503057 0.010505478822221161
17.6000089 0.22644530677974617 0.010356838802102211
17.7000983 0.22232962381548577 0.010168601449659033
17.7999862 0.21920504096781876 0.010025693648489292
17.8999606 0.21446275475415413 0.009808797592806723
18.0000583 0.21021339004153203 0.009614446091484707
18.1000235 0.2064344937960596 0.009441612219055219
18.1999684 0.20163997516901583 0.009222327230286306
18.2999559 0.19776108170801043 0.009044919825039284
18.4000798 0.19288931402201784 0.008822101726829847
18.4999629 0.18852324109230384 0.00862241238826805
18.6000316 0.18495436957430172 0.008459184333145173
18.6999315 0.18057551402306093 0.008258910360913975
18.7999861 0.17656330604726048 0.008075405602803483
18.9000079 0.1734354488148226 0.007932348042401678
18.9998902 0.16976792650021108 0.0077646080350872865
19.1000885 0.16665747646106085 0.007622346620551523
19.1999334 0.16320063484606598 0.007464242432480522
19.3000363 0.16041949044475123 0.007337042338738672
19.3998661 0.15788244534424553 0.007221006517492183
19.5001124 0.15489840214051198 0.007084526522039518
19.5999248 0.15232892851596924 0.006967007530305561
19.6999396 0.15034329479415237 0.006876191391656779
19.8000834 0.14792984617414792 0.006765808453409996
19.8999561 0.14596153053930117 0.006675784385207103
19.9997955 0.14393250820078415 0.006582983798678166
20.1001135 0.14211107259413047 0.0064996775238218285
20.2000426 0.14006720508715972 0.006406197969736215
20.2998252 0.13832328218583945 0.006326436862610086
20.3999525 0.13640589685634652 0.006238742173497412
20.5002139 0.13452858314327276 0.006152880223944213
20.5999051 0.1328797572871524 0.006077468532496856
20.7000805 0.13116101858165077 0.005998859264903918
20.7999975 0.1295804543030794 0.005926569626040053
20.8999915 0.12794005928041088 0.005851543532264246
21.0000506 0.12638076778246377 0.005780226838094759
21.0999082 0.12484129209293193 0.005709816451662045
21.2000589 0.12336397060229697 0.005642248787068009
21.3000156 0.12192515319101283 0.005576442168214908
21.3999838 0.12048605196057885 0.0055106225684384
21.500026 0.11911926355404853 0.005448110311486283
21.6000167 0.11781913087390579 0.005388646660942708
21.7000183 0.11649638609359626 0.005328148809780295
21.8000569 0.11531116183670746 0.005273940680022596
21.8999249 0.11418470856826166 0.00522242053555459
22.0000792 0.11310677095025447 0.005173119332066715
22.0999566 0.11207821928319392 0.0051260768741466615
22.2000602 0.11111830782301815 0.005082173786029227
22.2999371 0.11024480605767341 0.005042222783706945
22.4000606 0.10944986236770267 0.005005864760788047
22.4999704 0.10866985025310952 0.004970189657384883
22.5999406 0.10799364566185377 0.004939262357329649
22.7000453 0.10735392238976993 0.004910003588838721
22.7999362 0.10675421798226672 0.0048825751472174415
22.8999817 0.10621840850198913 0.004858069042433071
23.0000877 0.10575406902579584 0.004836831732758714
23.0999391 0.10533062918858939 0.004817465033582205
23.1999576 0.1050113445808127 0.004802862040648675
23.3000474 0.10458266980815661 0.004783255913314602
23.3999754 0.10419241014270951 0.004765406762438054
23.5000874 0.0988937170198293 0.004523062545567818
23.6000583 0.09880956695400804 0.004519213807524663
23.7001032 0.09867098901302834 0.0045128757234342304
23.7998891 0.09854313189391627 0.004507027973303409
23.9000053 0.09855343690088003 0.004507499289302385
23.9998378 0.09840345923701002 0.004500639820626673
24.1001281 0.09841795982718714 0.00450130302834396
24.199968 0.0983012012583773 0.004495962888187715
24.3000595 0.09815611975388544 0.004489327353203323
24.4000094 0.09806952968702619 0.004485367017804554
24.5000492 0.09784405338713638 0.004475054498084619
24.6000721 0.0979889222896473 0.00448168030937689
24.7000675 0.09786737968498478 0.004476121363678353
24.8001252 0.09775800764798397 0.004471119058385371
24.8999329 0.09752647499447997 0.004460529541632453
24.9998323 0.09763376544058786 0.004465436642031869
25.1002791 0.09755347315229433 0.004461764345622933
25.1998238 0.0975186557719717 0.00446017191696702
25.2998997 0.09738557915358922 0.004454085444677017
25.4000356 0.09734002821599556 0.004452002099587418
25.5000108 0.0973013409971659 0.0044502326776690825
25.5999194 0.09714182996063209 0.004442937184925028
25.7001282 0.09726805401509678 0.004448710244228527
25.8000367 0.09695337665244705 0.004434317971030285
25.9000124 0.09696374147276868 0.004434792022688985
26.0001583 0.09693691588353262 0.004433565111398836
26.0999684 0.09695525356341597 0.004434403814559689
26.1999307 0.09685803718525818 0.0044299574677935626
26.3000965 0.09669062564713593 0.00442230063295516
26.4000059 0.09671021020111124 0.004423196363899722
26.4999314 0.09661002288051986 0.004418614136322849
26.6002114 0.09653195601941952 0.004415043623391049
26.699797 0.09645519154817274 0.004411532677345236
26.8001309 0.09616962165933123 0.004398471681082935
26.9000393 0.09604541775728323 0.004392791016685884
26.9999804 0.0961036002412257 0.004395452085779641
27.1001268 0.09596790823854687 0.004389245994699794
27.1998703 0.09582813162173609 0.004382853087250312
27.3000462 0.0955575740897718 0.004370478705175021
27.3999811 0.0955682340436069 0.004370966255237674
27.4999088 0.09539224409658836 0.0043629170731283974
27.6000079 0.09530504129265116 0.0043589287132179515
27.7000232 0.09509887133296076 0.004349499199889922
27.799945 0.09472172236877138 0.004332249687934752
27.9000815 0.09471668610561686 0.004332019346372818
28.0001733 0.09455195336616304 0.004324485030682136
28.0998888 0.0941860598679537 0.004307750305491398
28.2000573 0.09397689172087131 0.004298183665260811
28.2998298 0.09391432146169604 0.004295321914238899
28.3998496 0.09351381164767258 0.00427700395639959
28.5001142 0.09347842907594264 0.004275385677809399
28.6000198 0.09343477009395544 0.004273388864339801
28.6999553 0.09314865455664768 0.0042603029119709325
28.7999139 0.09323418092603519 0.00426421459746211
28.9000935 0.09307713781784073 0.0042570319793735255
28.9996667 0.09283314751540872 0.004245872692093519
29.1002744 0.09286879486920399 0.004247503080915568
29.1997014 0.09278385473067202 0.004243618207631533
29.3000206 0.09259192805985621 0.0042348401339336005
29.4003252 0.09255744313413673 0.004233262910621454
29.5000389 0.09257227264228621 0.004233941161929034
29.5999301 0.0924464815891592 0.00422818790663525
29.7000676 0.09245056526187703 0.004228374679947802
29.8000867 0.09270745427764923 0.00424012391054224
29.8993938 0.09244708823295084 0.00422821565246072